type	time_s	freq_khz	amp_dbfs	pulse_ix	info_key	info_value
1	0.0471	75.7	-28.0	0		
1	0.0472	74.3	-27.0	0		
1	0.0473	72.6	-26.0	0		
1	0.0474	71.1	-25.0	0		
1	0.0475	69.5	-24.0	0		
1	0.0476	68.0	-23.0	0		
1	0.0477	66.6	-22.0	0		
1	0.0478	65.1	-21.0	0		
1	0.0479	63.6	-21.0	0		
1	0.048	62.2	-20.0	0		
1	0.0481	60.8	-19.0	0		
1	0.0482	59.4	-19.0	0		
1	0.0483	58.1	-18.0	0		
1	0.0484	56.7	-18.0	0		
1	0.0485	55.4	-17.0	0		
1	0.0486	54.1	-17.0	0		
1	0.0487	52.9	-16.0	0		
1	0.0488	51.6	-16.0	0		
1	0.0489	50.4	-16.0	0		
1	0.049	49.2	-15.0	0		
1	0.0491	48.0	-15.0	0		
1	0.0492	46.9	-15.0	0		
1	0.0493	45.8	-15.0	0		
1	0.0494	44.7	-14.0	0		
1	0.0495	43.6	-14.0	0		
1	0.0496	42.5	-14.0	0		
1	0.0497	41.5	-14.0	0		
1	0.0498	40.5	-14.0	0		
1	0.0499	39.5	-14.0	0		
1	0.05	38.6	-14.0	0		
1	0.0501	37.6	-14.0	0		
1	0.0502	36.7	-14.0	0		
1	0.0503	35.9	-14.0	0		
1	0.0504	35.0	-14.0	0		
1	0.0505	34.2	-14.0	0		
1	0.0506	33.3	-14.0	0		
1	0.0507	32.6	-14.0	0		
1	0.0508	31.8	-14.0	0		
1	0.0509	31.1	-14.0	0		
1	0.051	30.3	-14.0	0		
1	0.0511	29.6	-15.0	0		
1	0.0512	29.0	-15.0	0		
1	0.0513	28.3	-15.0	0		
1	0.0514	27.7	-16.0	0		
1	0.0515	27.1	-16.0	0		
1	0.0516	26.6	-16.0	0		
1	0.0517	26.0	-17.0	0		
1	0.0518	25.5	-17.0	0		
1	0.0519	25.0	-18.0	0		
1	0.052	24.5	-19.0	0		
1	0.0521	24.1	-19.0	0		
1	0.0522	23.7	-20.0	0		
1	0.0523	23.3	-21.0	0		
1	0.0524	22.9	-22.0	0		
1	0.0525	22.6	-23.0	0		
1	0.0526	22.2	-24.0	0		
1	0.0527	21.9	-26.0	0		
1	0.0528	21.7	-27.0	0		
1	0.0529	0.0	-100.0	0		
1	0.053	0.0	-100.0	0		
1	0.0531	0.0	-100.0	0		
1	0.0532	0.0	-100.0	0		
1	0.0533	0.0	-100.0	0		
1	0.0534	0.0	-100.0	0		
1	0.0535	0.0	-100.0	0		
1	0.0536	0.0	-100.0	0		
1	0.0537	0.0	-100.0	0		
1	0.0538	0.0	-100.0	0		
1	0.0539	0.0	-100.0	0		
1	0.054	0.0	-100.0	0		
1	0.0541	0.0	-100.0	0		
1	0.0542	0.0	-100.0	0		
1	0.0543	0.0	-100.0	0		
1	0.0544	0.0	-100.0	0		
1	0.0545	0.0	-100.0	0		
1	0.0546	0.0	-100.0	0		
1	0.0547	0.0	-100.0	0		
1	0.1482	75.1	-28.0	1		
1	0.1483	73.4	-27.0	1		
1	0.1484	71.9	-25.0	1		
1	0.1485	70.4	-24.0	1		
1	0.1486	68.8	-23.0	1		
1	0.1487	67.4	-23.0	1		
1	0.1488	65.9	-22.0	1		
1	0.1489	64.4	-21.0	1		
1	0.149	63.0	-20.0	1		
1	0.1491	61.6	-20.0	1		
1	0.1492	60.2	-19.0	1		
1	0.1493	58.8	-19.0	1		
1	0.1494	57.4	-18.0	1		
1	0.1495	56.1	-18.0	1		
1	0.1496	54.8	-17.0	1		
1	0.1497	53.5	-17.0	1		
1	0.1498	52.3	-16.0	1		
1	0.1499	51.0	-16.0	1		
1	0.15	49.8	-16.0	1		
1	0.1501	48.7	-15.0	1		
1	0.1502	47.5	-15.0	1		
1	0.1503	46.4	-15.0	1		
1	0.1504	45.2	-15.0	1		
1	0.1505	44.2	-14.0	1		
1	0.1506	43.1	-14.0	1		
1	0.1507	42.1	-14.0	1		
1	0.1508	41.0	-14.0	1		
1	0.1509	40.0	-14.0	1		
1	0.151	39.1	-14.0	1		
1	0.1511	38.1	-14.0	1		
1	0.1512	37.2	-14.0	1		
1	0.1513	36.3	-14.0	1		
1	0.1514	35.4	-14.0	1		
1	0.1515	34.6	-14.0	1		
1	0.1516	33.8	-14.0	1		
1	0.1517	33.0	-14.0	1		
1	0.1518	32.2	-14.0	1		
1	0.1519	31.4	-14.0	1		
1	0.152	30.7	-14.0	1		
1	0.1521	30.0	-15.0	1		
1	0.1522	29.3	-15.0	1		
1	0.1523	28.7	-15.0	1		
1	0.1524	28.0	-15.0	1		
1	0.1525	27.4	-16.0	1		
1	0.1526	26.9	-16.0	1		
1	0.1527	26.3	-17.0	1		
1	0.1528	25.8	-17.0	1		
1	0.1529	25.3	-18.0	1		
1	0.153	24.8	-18.0	1		
1	0.1531	24.3	-19.0	1		
1	0.1532	23.9	-20.0	1		
1	0.1533	23.5	-20.0	1		
1	0.1534	23.1	-21.0	1		
1	0.1535	22.7	-22.0	1		
1	0.1536	22.4	-24.0	1		
1	0.1537	22.1	-25.0	1		
1	0.1538	21.8	-26.0	1		
1	0.1539	21.6	-28.0	1		
1	0.154	0.0	-100.0	1		
1	0.1541	0.0	-100.0	1		
1	0.1542	0.0	-100.0	1		
1	0.1543	0.0	-100.0	1		
1	0.1544	0.0	-100.0	1		
1	0.1545	0.0	-100.0	1		
1	0.1546	0.0	-100.0	1		
1	0.1547	0.0	-100.0	1		
1	0.1548	0.0	-100.0	1		
1	0.1549	0.0	-100.0	1		
1	0.155	0.0	-100.0	1		
1	0.1551	0.0	-100.0	1		
1	0.1552	0.0	-100.0	1		
1	0.1553	0.0	-100.0	1		
1	0.1554	0.0	-100.0	1		
1	0.1555	0.0	-100.0	1		
1	0.1556	0.0	-100.0	1		
1	0.1557	0.0	-100.0	1		
1	0.1558	0.0	-100.0	1		
1	0.2492	75.9	-28.0	2		
1	0.2493	74.3	-27.0	2		
1	0.2494	72.7	-26.0	2		
1	0.2495	71.1	-25.0	2		
1	0.2496	69.7	-24.0	2		
1	0.2497	68.1	-23.0	2		
1	0.2498	66.6	-22.0	2		
1	0.2499	65.2	-22.0	2		
1	0.25	63.7	-21.0	2		
1	0.2501	62.3	-20.0	2		
1	0.2502	60.9	-19.0	2		
1	0.2503	59.5	-19.0	2		
1	0.2504	58.1	-18.0	2		
1	0.2505	56.8	-18.0	2		
1	0.2506	55.5	-17.0	2		
1	0.2507	54.2	-17.0	2		
1	0.2508	52.9	-17.0	2		
1	0.2509	51.7	-16.0	2		
1	0.251	50.5	-16.0	2		
1	0.2511	49.3	-15.0	2		
1	0.2512	48.1	-15.0	2		
1	0.2513	47.0	-15.0	2		
1	0.2514	45.8	-15.0	2		
1	0.2515	44.7	-14.0	2		
1	0.2516	43.7	-14.0	2		
1	0.2517	42.6	-14.0	2		
1	0.2518	41.6	-14.0	2		
1	0.2519	40.6	-14.0	2		
1	0.252	39.6	-14.0	2		
1	0.2521	38.6	-14.0	2		
1	0.2522	37.7	-14.0	2		
1	0.2523	36.8	-14.0	2		
1	0.2524	35.9	-14.0	2		
1	0.2525	35.0	-14.0	2		
1	0.2526	34.2	-14.0	2		
1	0.2527	33.4	-14.0	2		
1	0.2528	32.6	-14.0	2		
1	0.2529	31.8	-14.0	2		
1	0.253	31.1	-14.0	2		
1	0.2531	30.4	-15.0	2		
1	0.2532	29.7	-15.0	2		
1	0.2533	29.0	-15.0	2		
1	0.2534	28.4	-15.0	2		
1	0.2535	27.8	-16.0	2		
1	0.2536	27.2	-16.0	2		
1	0.2537	26.6	-16.0	2		
1	0.2538	26.0	-17.0	2		
1	0.2539	25.5	-17.0	2		
1	0.254	25.0	-18.0	2		
1	0.2541	24.6	-19.0	2		
1	0.2542	24.1	-19.0	2		
1	0.2543	23.7	-20.0	2		
1	0.2544	23.3	-21.0	2		
1	0.2545	22.9	-22.0	2		
1	0.2546	22.6	-23.0	2		
1	0.2547	22.3	-24.0	2		
1	0.2548	22.0	-26.0	2		
1	0.2549	21.7	-27.0	2		
1	0.255	0.0	-100.0	2		
1	0.2551	0.0	-100.0	2		
1	0.2552	0.0	-100.0	2		
1	0.2553	0.0	-100.0	2		
1	0.2554	0.0	-100.0	2		
1	0.2555	0.0	-100.0	2		
1	0.2556	0.0	-100.0	2		
1	0.2557	0.0	-100.0	2		
1	0.2558	0.0	-100.0	2		
1	0.2559	0.0	-100.0	2		
1	0.256	0.0	-100.0	2		
1	0.2561	0.0	-100.0	2		
1	0.2562	0.0	-100.0	2		
1	0.2563	0.0	-100.0	2		
1	0.2564	0.0	-100.0	2		
1	0.2565	0.0	-100.0	2		
1	0.2566	0.0	-100.0	2		
1	0.2567	0.0	-100.0	2		
1	0.2568	0.0	-100.0	2		
1	0.3503	75.1	-28.0	3		
1	0.3504	73.5	-27.0	3		
1	0.3505	72.0	-25.0	3		
1	0.3506	70.5	-24.0	3		
1	0.3507	68.9	-24.0	3		
1	0.3508	67.4	-23.0	3		
1	0.3509	65.9	-22.0	3		
1	0.351	64.5	-21.0	3		
1	0.3511	63.1	-20.0	3		
1	0.3512	61.6	-20.0	3		
1	0.3513	60.2	-19.0	3		
1	0.3514	58.9	-19.0	3		
1	0.3515	57.5	-18.0	3		
1	0.3516	56.2	-18.0	3		
1	0.3517	54.9	-17.0	3		
1	0.3518	53.6	-17.0	3		
1	0.3519	52.3	-16.0	3		
1	0.352	51.1	-16.0	3		
1	0.3521	49.9	-16.0	3		
1	0.3522	48.7	-15.0	3		
1	0.3523	47.6	-15.0	3		
1	0.3524	46.4	-15.0	3		
1	0.3525	45.3	-15.0	3		
1	0.3526	44.2	-14.0	3		
1	0.3527	43.1	-14.0	3		
1	0.3528	42.1	-14.0	3		
1	0.3529	41.1	-14.0	3		
1	0.353	40.1	-14.0	3		
1	0.3531	39.1	-14.0	3		
1	0.3532	38.2	-14.0	3		
1	0.3533	37.3	-14.0	3		
1	0.3534	36.4	-14.0	3		
1	0.3535	35.5	-14.0	3		
1	0.3536	34.6	-14.0	3		
1	0.3537	33.8	-14.0	3		
1	0.3538	33.0	-14.0	3		
1	0.3539	32.2	-14.0	3		
1	0.354	31.5	-14.0	3		
1	0.3541	30.8	-14.0	3		
1	0.3542	30.0	-15.0	3		
1	0.3543	29.4	-15.0	3		
1	0.3544	28.7	-15.0	3		
1	0.3545	28.1	-15.0	3		
1	0.3546	27.5	-16.0	3		
1	0.3547	26.9	-16.0	3		
1	0.3548	26.3	-17.0	3		
1	0.3549	25.8	-17.0	3		
1	0.355	25.3	-18.0	3		
1	0.3551	24.8	-18.0	3		
1	0.3552	24.3	-19.0	3		
1	0.3553	23.9	-20.0	3		
1	0.3554	23.5	-20.0	3		
1	0.3555	23.1	-21.0	3		
1	0.3556	22.7	-22.0	3		
1	0.3557	22.4	-24.0	3		
1	0.3558	22.1	-25.0	3		
1	0.3559	21.8	-26.0	3		
1	0.356	21.6	-28.0	3		
1	0.3561	0.0	-100.0	3		
1	0.3562	0.0	-100.0	3		
1	0.3563	0.0	-100.0	3		
1	0.3564	0.0	-100.0	3		
1	0.3565	0.0	-100.0	3		
1	0.3566	0.0	-100.0	3		
1	0.3567	0.0	-100.0	3		
1	0.3568	0.0	-100.0	3		
1	0.3569	0.0	-100.0	3		
1	0.357	0.0	-100.0	3		
1	0.3571	0.0	-100.0	3		
1	0.3572	0.0	-100.0	3		
1	0.3573	0.0	-100.0	3		
1	0.3574	0.0	-100.0	3		
1	0.3575	0.0	-100.0	3		
1	0.3576	0.0	-100.0	3		
1	0.3577	0.0	-100.0	3		
1	0.3578	0.0	-100.0	3		
1	0.3579	0.0	-100.0	3		
1	0.4513	75.9	-28.0	4		
1	0.4514	74.4	-27.0	4		
1	0.4515	72.8	-26.0	4		
1	0.4516	71.2	-25.0	4		
1	0.4517	69.7	-24.0	4		
1	0.4518	68.2	-23.0	4		
1	0.4519	66.7	-22.0	4		
1	0.452	65.3	-22.0	4		
1	0.4521	63.8	-21.0	4		
1	0.4522	62.4	-20.0	4		
1	0.4523	60.9	-20.0	4		
1	0.4524	59.6	-19.0	4		
1	0.4525	58.2	-18.0	4		
1	0.4526	56.9	-18.0	4		
1	0.4527	55.6	-17.0	4		
1	0.4528	54.3	-17.0	4		
1	0.4529	53.0	-17.0	4		
1	0.453	51.8	-16.0	4		
1	0.4531	50.5	-16.0	4		
1	0.4532	49.3	-15.0	4		
1	0.4533	48.2	-15.0	4		
1	0.4534	47.0	-15.0	4		
1	0.4535	45.9	-15.0	4		
1	0.4536	44.8	-14.0	4		
1	0.4537	43.7	-14.0	4		
1	0.4538	42.7	-14.0	4		
1	0.4539	41.6	-14.0	4		
1	0.454	40.6	-14.0	4		
1	0.4541	39.6	-14.0	4		
1	0.4542	38.7	-14.0	4		
1	0.4543	37.7	-14.0	4		
1	0.4544	36.8	-14.0	4		
1	0.4545	35.9	-14.0	4		
1	0.4546	35.1	-14.0	4		
1	0.4547	34.2	-14.0	4		
1	0.4548	33.4	-14.0	4		
1	0.4549	32.6	-14.0	4		
1	0.455	31.9	-14.0	4		
1	0.4551	31.1	-14.0	4		
1	0.4552	30.4	-14.0	4		
1	0.4553	29.7	-15.0	4		
1	0.4554	29.1	-15.0	4		
1	0.4555	28.4	-15.0	4		
1	0.4556	27.8	-16.0	4		
1	0.4557	27.2	-16.0	4		
1	0.4558	26.6	-16.0	4		
1	0.4559	26.1	-17.0	4		
1	0.456	25.5	-17.0	4		
1	0.4561	25.0	-18.0	4		
1	0.4562	24.6	-19.0	4		
1	0.4563	24.1	-19.0	4		
1	0.4564	23.7	-20.0	4		
1	0.4565	23.3	-21.0	4		
1	0.4566	22.9	-22.0	4		
1	0.4567	22.6	-23.0	4		
1	0.4568	22.3	-24.0	4		
1	0.4569	22.0	-26.0	4		
1	0.457	21.7	-27.0	4		
1	0.4571	0.0	-100.0	4		
1	0.4572	0.0	-100.0	4		
1	0.4573	0.0	-100.0	4		
1	0.4574	0.0	-100.0	4		
1	0.4575	0.0	-100.0	4		
1	0.4576	0.0	-100.0	4		
1	0.4577	0.0	-100.0	4		
1	0.4578	0.0	-100.0	4		
1	0.4579	0.0	-100.0	4		
1	0.458	0.0	-100.0	4		
1	0.4581	0.0	-100.0	4		
1	0.4582	0.0	-100.0	4		
1	0.4583	0.0	-100.0	4		
1	0.4584	0.0	-100.0	4		
1	0.4585	0.0	-100.0	4		
1	0.4586	0.0	-100.0	4		
1	0.4587	0.0	-100.0	4		
1	0.4588	0.0	-100.0	4		
1	0.4589	0.0	-100.0	4		
1	0.5524	75.3	-28.0	5		
1	0.5525	73.6	-27.0	5		
1	0.5526	72.0	-26.0	5		
1	0.5527	70.5	-25.0	5		
1	0.5528	69.0	-24.0	5		
1	0.5529	67.5	-23.0	5		
1	0.553	66.0	-22.0	5		
1	0.5531	64.6	-21.0	5		
1	0.5532	63.1	-21.0	5		
1	0.5533	61.7	-20.0	5		
1	0.5534	60.3	-19.0	5		
1	0.5535	58.9	-19.0	5		
1	0.5536	57.6	-18.0	5		
1	0.5537	56.3	-18.0	5		
1	0.5538	55.0	-17.0	5		
1	0.5539	53.7	-17.0	5		
1	0.554	52.4	-16.0	5		
1	0.5541	51.2	-16.0	5		
1	0.5542	50.0	-16.0	5		
1	0.5543	48.8	-15.0	5		
1	0.5544	47.6	-15.0	5		
1	0.5545	46.5	-15.0	5		
1	0.5546	45.4	-15.0	5		
1	0.5547	44.3	-14.0	5		
1	0.5548	43.2	-14.0	5		
1	0.5549	42.2	-14.0	5		
1	0.555	41.1	-14.0	5		
1	0.5551	40.1	-14.0	5		
1	0.5552	39.2	-14.0	5		
1	0.5553	38.2	-14.0	5		
1	0.5554	37.3	-14.0	5		
1	0.5555	36.4	-14.0	5		
1	0.5556	35.5	-14.0	5		
1	0.5557	34.7	-14.0	5		
1	0.5558	33.9	-14.0	5		
1	0.5559	33.1	-14.0	5		
1	0.556	32.3	-14.0	5		
1	0.5561	31.5	-14.0	5		
1	0.5562	30.8	-14.0	5		
1	0.5563	30.1	-15.0	5		
1	0.5564	29.4	-15.0	5		
1	0.5565	28.7	-15.0	5		
1	0.5566	28.1	-15.0	5		
1	0.5567	27.5	-16.0	5		
1	0.5568	26.9	-16.0	5		
1	0.5569	26.4	-17.0	5		
1	0.557	25.8	-17.0	5		
1	0.5571	25.3	-18.0	5		
1	0.5572	24.8	-18.0	5		
1	0.5573	24.4	-19.0	5		
1	0.5574	23.9	-20.0	5		
1	0.5575	23.5	-20.0	5		
1	0.5576	23.1	-21.0	5		
1	0.5577	22.8	-22.0	5		
1	0.5578	22.4	-23.0	5		
1	0.5579	22.1	-25.0	5		
1	0.558	21.8	-26.0	5		
1	0.5581	21.6	-28.0	5		
1	0.5582	0.0	-100.0	5		
1	0.5583	0.0	-100.0	5		
1	0.5584	0.0	-100.0	5		
1	0.5585	0.0	-100.0	5		
1	0.5586	0.0	-100.0	5		
1	0.5587	0.0	-100.0	5		
1	0.5588	0.0	-100.0	5		
1	0.5589	0.0	-100.0	5		
1	0.559	0.0	-100.0	5		
1	0.5591	0.0	-100.0	5		
1	0.5592	0.0	-100.0	5		
1	0.5593	0.0	-100.0	5		
1	0.5594	0.0	-100.0	5		
1	0.5595	0.0	-100.0	5		
1	0.5596	0.0	-100.0	5		
1	0.5597	0.0	-100.0	5		
1	0.5598	0.0	-100.0	5		
1	0.5599	0.0	-100.0	5		
1	0.56	0.0	-100.0	5		
1	0.6534	76.1	-28.0	6		
1	0.6535	74.4	-27.0	6		
1	0.6536	72.9	-26.0	6		
1	0.6537	71.4	-25.0	6		
1	0.6538	69.8	-24.0	6		
1	0.6539	68.3	-23.0	6		
1	0.654	66.8	-22.0	6		
1	0.6541	65.3	-22.0	6		
1	0.6542	63.9	-21.0	6		
1	0.6543	62.4	-20.0	6		
1	0.6544	61.0	-20.0	6		
1	0.6545	59.7	-19.0	6		
1	0.6546	58.3	-18.0	6		
1	0.6547	56.9	-18.0	6		
1	0.6548	55.6	-17.0	6		
1	0.6549	54.3	-17.0	6		
1	0.655	53.1	-17.0	6		
1	0.6551	51.8	-16.0	6		
1	0.6552	50.6	-16.0	6		
1	0.6553	49.4	-15.0	6		
1	0.6554	48.2	-15.0	6		
1	0.6555	47.1	-15.0	6		
1	0.6556	46.0	-15.0	6		
1	0.6557	44.8	-14.0	6		
1	0.6558	43.8	-14.0	6		
1	0.6559	42.7	-14.0	6		
1	0.656	41.7	-14.0	6		
1	0.6561	40.7	-14.0	6		
1	0.6562	39.7	-14.0	6		
1	0.6563	38.7	-14.0	6		
1	0.6564	37.8	-14.0	6		
1	0.6565	36.9	-14.0	6		
1	0.6566	36.0	-14.0	6		
1	0.6567	35.1	-14.0	6		
1	0.6568	34.3	-14.0	6		
1	0.6569	33.5	-14.0	6		
1	0.657	32.7	-14.0	6		
1	0.6571	31.9	-14.0	6		
1	0.6572	31.2	-14.0	6		
1	0.6573	30.4	-14.0	6		
1	0.6574	29.8	-15.0	6		
1	0.6575	29.1	-15.0	6		
1	0.6576	28.4	-15.0	6		
1	0.6577	27.8	-16.0	6		
1	0.6578	27.2	-16.0	6		
1	0.6579	26.6	-16.0	6		
1	0.658	26.1	-17.0	6		
1	0.6581	25.6	-17.0	6		
1	0.6582	25.1	-18.0	6		
1	0.6583	24.6	-19.0	6		
1	0.6584	24.2	-19.0	6		
1	0.6585	23.7	-20.0	6		
1	0.6586	23.3	-21.0	6		
1	0.6587	23.0	-22.0	6		
1	0.6588	22.6	-23.0	6		
1	0.6589	22.3	-24.0	6		
1	0.659	22.0	-25.0	6		
1	0.6591	21.7	-27.0	6		
1	0.6592	0.0	-100.0	6		
1	0.6593	0.0	-100.0	6		
1	0.6594	0.0	-100.0	6		
1	0.6595	0.0	-100.0	6		
1	0.6596	0.0	-100.0	6		
1	0.6597	0.0	-100.0	6		
1	0.6598	0.0	-100.0	6		
1	0.6599	0.0	-100.0	6		
1	0.66	0.0	-100.0	6		
1	0.6601	0.0	-100.0	6		
1	0.6602	0.0	-100.0	6		
1	0.6603	0.0	-100.0	6		
1	0.6604	0.0	-100.0	6		
1	0.6605	0.0	-100.0	6		
1	0.6606	0.0	-100.0	6		
1	0.6607	0.0	-100.0	6		
1	0.6608	0.0	-100.0	6		
1	0.6609	0.0	-100.0	6		
1	0.661	0.0	-100.0	6		
1	0.7545	75.3	-28.0	7		
1	0.7546	73.7	-27.0	7		
1	0.7547	72.1	-26.0	7		
1	0.7548	70.6	-25.0	7		
1	0.7549	69.1	-24.0	7		
1	0.755	67.6	-23.0	7		
1	0.7551	66.1	-22.0	7		
1	0.7552	64.6	-21.0	7		
1	0.7553	63.2	-21.0	7		
1	0.7554	61.8	-20.0	7		
1	0.7555	60.4	-19.0	7		
1	0.7556	59.0	-19.0	7		
1	0.7557	57.6	-18.0	7		
1	0.7558	56.3	-18.0	7		
1	0.7559	55.0	-17.0	7		
1	0.756	53.7	-17.0	7		
1	0.7561	52.5	-16.0	7		
1	0.7562	51.2	-16.0	7		
1	0.7563	50.0	-16.0	7		
1	0.7564	48.9	-15.0	7		
1	0.7565	47.7	-15.0	7		
1	0.7566	46.5	-15.0	7		
1	0.7567	45.4	-15.0	7		
1	0.7568	44.3	-14.0	7		
1	0.7569	43.3	-14.0	7		
1	0.757	42.2	-14.0	7		
1	0.7571	41.2	-14.0	7		
1	0.7572	40.2	-14.0	7		
1	0.7573	39.2	-14.0	7		
1	0.7574	38.3	-14.0	7		
1	0.7575	37.4	-14.0	7		
1	0.7576	36.5	-14.0	7		
1	0.7577	35.6	-14.0	7		
1	0.7578	34.7	-14.0	7		
1	0.7579	33.9	-14.0	7		
1	0.758	33.1	-14.0	7		
1	0.7581	32.3	-14.0	7		
1	0.7582	31.6	-14.0	7		
1	0.7583	30.8	-14.0	7		
1	0.7584	30.1	-15.0	7		
1	0.7585	29.4	-15.0	7		
1	0.7586	28.8	-15.0	7		
1	0.7587	28.1	-15.0	7		
1	0.7588	27.5	-16.0	7		
1	0.7589	26.9	-16.0	7		
1	0.759	26.4	-17.0	7		
1	0.7591	25.8	-17.0	7		
1	0.7592	25.3	-18.0	7		
1	0.7593	24.9	-18.0	7		
1	0.7594	24.4	-19.0	7		
1	0.7595	24.0	-20.0	7		
1	0.7596	23.5	-20.0	7		
1	0.7597	23.2	-21.0	7		
1	0.7598	22.8	-22.0	7		
1	0.7599	22.5	-23.0	7		
1	0.76	22.1	-25.0	7		
1	0.7601	21.9	-26.0	7		
1	0.7602	21.6	-28.0	7		
1	0.7603	0.0	-100.0	7		
1	0.7604	0.0	-100.0	7		
1	0.7605	0.0	-100.0	7		
1	0.7606	0.0	-100.0	7		
1	0.7607	0.0	-100.0	7		
1	0.7608	0.0	-100.0	7		
1	0.7609	0.0	-100.0	7		
1	0.761	0.0	-100.0	7		
1	0.7611	0.0	-100.0	7		
1	0.7612	0.0	-100.0	7		
1	0.7613	0.0	-100.0	7		
1	0.7614	0.0	-100.0	7		
1	0.7615	0.0	-100.0	7		
1	0.7616	0.0	-100.0	7		
1	0.7617	0.0	-100.0	7		
1	0.7618	0.0	-100.0	7		
1	0.7619	0.0	-100.0	7		
1	0.762	0.0	-100.0	7		
1	0.7621	0.0	-100.0	7		
1	0.8555	76.1	-28.0	8		
1	0.8556	74.6	-27.0	8		
1	0.8557	72.9	-26.0	8		
1	0.8558	71.4	-25.0	8		
1	0.8559	69.9	-24.0	8		
1	0.856	68.4	-23.0	8		
1	0.8561	66.8	-22.0	8		
1	0.8562	65.4	-22.0	8		
1	0.8563	64.0	-21.0	8		
1	0.8564	62.5	-20.0	8		
1	0.8565	61.1	-20.0	8		
1	0.8566	59.7	-19.0	8		
1	0.8567	58.4	-18.0	8		
1	0.8568	57.0	-18.0	8		
1	0.8569	55.7	-17.0	8		
1	0.857	54.4	-17.0	8		
1	0.8571	53.1	-17.0	8		
1	0.8572	51.9	-16.0	8		
1	0.8573	50.7	-16.0	8		
1	0.8574	49.5	-16.0	8		
1	0.8575	48.3	-15.0	8		
1	0.8576	47.1	-15.0	8		
1	0.8577	46.0	-15.0	8		
1	0.8578	44.9	-14.0	8		
1	0.8579	43.8	-14.0	8		
1	0.858	42.8	-14.0	8		
1	0.8581	41.7	-14.0	8		
1	0.8582	40.7	-14.0	8		
1	0.8583	39.7	-14.0	8		
1	0.8584	38.8	-14.0	8		
1	0.8585	37.8	-14.0	8		
1	0.8586	36.9	-14.0	8		
1	0.8587	36.0	-14.0	8		
1	0.8588	35.2	-14.0	8		
1	0.8589	34.3	-14.0	8		
1	0.859	33.5	-14.0	8		
1	0.8591	32.7	-14.0	8		
1	0.8592	32.0	-14.0	8		
1	0.8593	31.2	-14.0	8		
1	0.8594	30.5	-14.0	8		
1	0.8595	29.8	-15.0	8		
1	0.8596	29.1	-15.0	8		
1	0.8597	28.5	-15.0	8		
1	0.8598	27.9	-16.0	8		
1	0.8599	27.3	-16.0	8		
1	0.86	26.7	-16.0	8		
1	0.8601	26.1	-17.0	8		
1	0.8602	25.6	-17.0	8		
1	0.8603	25.1	-18.0	8		
1	0.8604	24.6	-18.0	8		
1	0.8605	24.2	-19.0	8		
1	0.8606	23.8	-20.0	8		
1	0.8607	23.4	-21.0	8		
1	0.8608	23.0	-22.0	8		
1	0.8609	22.6	-23.0	8		
1	0.861	22.3	-24.0	8		
1	0.8611	22.0	-25.0	8		
1	0.8612	21.7	-27.0	8		
1	0.8613	0.0	-100.0	8		
1	0.8614	0.0	-100.0	8		
1	0.8615	0.0	-100.0	8		
1	0.8616	0.0	-100.0	8		
1	0.8617	0.0	-100.0	8		
1	0.8618	0.0	-100.0	8		
1	0.8619	0.0	-100.0	8		
1	0.862	0.0	-100.0	8		
1	0.8621	0.0	-100.0	8		
1	0.8622	0.0	-100.0	8		
1	0.8623	0.0	-100.0	8		
1	0.8624	0.0	-100.0	8		
1	0.8625	0.0	-100.0	8		
1	0.8626	0.0	-100.0	8		
1	0.8627	0.0	-100.0	8		
1	0.8628	0.0	-100.0	8		
1	0.8629	0.0	-100.0	8		
1	0.863	0.0	-100.0	8		
1	0.8631	0.0	-100.0	8		
1	0.9566	75.3	-28.0	9		
1	0.9567	73.8	-27.0	9		
1	0.9568	72.2	-26.0	9		
1	0.9569	70.7	-25.0	9		
1	0.957	69.2	-24.0	9		
1	0.9571	67.6	-23.0	9		
1	0.9572	66.2	-22.0	9		
1	0.9573	64.7	-21.0	9		
1	0.9574	63.3	-21.0	9		
1	0.9575	61.8	-20.0	9		
1	0.9576	60.4	-19.0	9		
1	0.9577	59.1	-19.0	9		
1	0.9578	57.7	-18.0	9		
1	0.9579	56.4	-18.0	9		
1	0.958	55.1	-17.0	9		
1	0.9581	53.8	-17.0	9		
1	0.9582	52.5	-16.0	9		
1	0.9583	51.3	-16.0	9		
1	0.9584	50.1	-16.0	9		
1	0.9585	48.9	-15.0	9		
1	0.9586	47.7	-15.0	9		
1	0.9587	46.6	-15.0	9		
1	0.9588	45.5	-15.0	9		
1	0.9589	44.4	-14.0	9		
1	0.959	43.3	-14.0	9		
1	0.9591	42.3	-14.0	9		
1	0.9592	41.2	-14.0	9		
1	0.9593	40.2	-14.0	9		
1	0.9594	39.3	-14.0	9		
1	0.9595	38.3	-14.0	9		
1	0.9596	37.4	-14.0	9		
1	0.9597	36.5	-14.0	9		
1	0.9598	35.6	-14.0	9		
1	0.9599	34.8	-14.0	9		
1	0.96	33.9	-14.0	9		
1	0.9601	33.1	-14.0	9		
1	0.9602	32.4	-14.0	9		
1	0.9603	31.6	-14.0	9		
1	0.9604	30.9	-14.0	9		
1	0.9605	30.2	-15.0	9		
1	0.9606	29.5	-15.0	9		
1	0.9607	28.8	-15.0	9		
1	0.9608	28.2	-15.0	9		
1	0.9609	27.6	-16.0	9		
1	0.961	27.0	-16.0	9		
1	0.9611	26.4	-17.0	9		
1	0.9612	25.9	-17.0	9		
1	0.9613	25.4	-18.0	9		
1	0.9614	24.9	-18.0	9		
1	0.9615	24.4	-19.0	9		
1	0.9616	24.0	-19.0	9		
1	0.9617	23.6	-20.0	9		
1	0.9618	23.2	-21.0	9		
1	0.9619	22.8	-22.0	9		
1	0.962	22.5	-23.0	9		
1	0.9621	22.2	-25.0	9		
1	0.9622	21.9	-26.0	9		
1	0.9623	21.6	-28.0	9		
1	0.9624	0.0	-100.0	9		
1	0.9625	0.0	-100.0	9		
1	0.9626	0.0	-100.0	9		
1	0.9627	0.0	-100.0	9		
1	0.9628	0.0	-100.0	9		
1	0.9629	0.0	-100.0	9		
1	0.963	0.0	-100.0	9		
1	0.9631	0.0	-100.0	9		
1	0.9632	0.0	-100.0	9		
1	0.9633	0.0	-100.0	9		
1	0.9634	0.0	-100.0	9		
1	0.9635	0.0	-100.0	9		
1	0.9636	0.0	-100.0	9		
1	0.9637	0.0	-100.0	9		
1	0.9638	0.0	-100.0	9		
1	0.9639	0.0	-100.0	9		
1	0.964	0.0	-100.0	9		
1	0.9641	0.0	-100.0	9		
1	0.9642	0.0	-100.0	9		
